              precision    recall  f1-score   support

           0       1.00      0.33      0.50         3
           1       0.94      0.91      0.93        34
           2       0.67      0.70      0.68        37
           3       0.96      0.99      0.97       433
           4       1.00      0.56      0.71         9
           5       1.00      0.55      0.71        11
           6       0.99      0.98      0.99       452
           7       0.89      1.00      0.94        73
           8       0.96      0.93      0.95       280
           9       0.89      0.87      0.88        68
          10       0.87      0.91      0.89       118

    accuracy                           0.95      1518
   macro avg       0.92      0.79      0.83      1518
weighted avg       0.95      0.95      0.95      1518
